((("semantic-mrub-switch-tags" .
   [0 0 0 0 0 0 0 0 0 0 0 0 0 0 1 0 0 0 0 0 0 0 0 0 0])
  ("mmc_host_ops" .
   [0 0 1 0 0 0 0 0 0 0 0 0])
  ("mmc_host" .
   [0 0 0 0 0 0 0 1])
  ("struct" .
   [1 0 0 0 0 0])
  ("host" .
   [0 0 1 0])
  ("switch" .
   [0 0 1 0 0 0])
  ("mmc_classdev" .
   [1 0 0 0 0 0 0 0 0 0 0 0])
  ("default" .
   [1 0 0 0 0 0 0])
  ("jzsoc" .
   [0 0 0 1 0])
  ("ac-source-semantic-raw" .
   [3 0 0 0 0 0 0 0 0 0 0 0 0 0 0 0 0 0 0 0 0 1])
  ("mm" .
   [2 0])
  ("sdio" .
   [1 0 0 0])
  ("mmc" .
   [4 0 0])
  ("nil" .
   [2 0 0])
  ("d" .
   [1])
  ("do" .
   [2 0])
  ("don" .
   [0 0 1])
  ("sg_table" .
   [0 0 0 0 0 1 0 0])
  ("sg_assign_page" .
   [0 0 0 0 0 0 1 0 0 0 0 0 0 0])
  ("mmc_" .
   [0 0 0 1])
  ("ac-complete-semantic-raw" .
   [0 0 0 0 0 0 0 0 0 0 0 0 0 0 0 0 0 0 0 0 0 0 0 1])
  ("zImage" .
   [1 0 0 0 0 0])
  ("else" .
   [2 0 0 0])
  ("endif" .
   [3 0 0 0 0])
  ("0xB0022000" .
   [1 0 0 0 0 0 0 0 0 0])
  ("13" .
   [1 0])
  ("0x03" .
   [1 0 0 0])
  ("0x" .
   [2 0])
  ("REG_GPIO_PXPAT0C" .
   [1 0 0 0 0 0 0 0 0 0 0 0 0 0 0 0])))
